  Fahrenheit   -    Celsius    
    -300.0     |    -184.4     
    -299.0     |    -183.9     
    -298.0     |    -183.3     
    -297.0     |    -182.8     
    -296.0     |    -182.2     
    -295.0     |    -181.7     
    -294.0     |    -181.1     
    -293.0     |    -180.6     
    -292.0     |    -180.0     
    -291.0     |    -179.4     
    -290.0     |    -178.9     
    -289.0     |    -178.3     
    -288.0     |    -177.8     
    -287.0     |    -177.2     
    -286.0     |    -176.7     
    -285.0     |    -176.1     
    -284.0     |    -175.6     
    -283.0     |    -175.0     
    -282.0     |    -174.4     
    -281.0     |    -173.9     
    -280.0     |    -173.3     
    -279.0     |    -172.8     
    -278.0     |    -172.2     
    -277.0     |    -171.7     
    -276.0     |    -171.1     
    -275.0     |    -170.6     
    -274.0     |    -170.0     
    -273.0     |    -169.4     
    -272.0     |    -168.9     
    -271.0     |    -168.3     
    -270.0     |    -167.8     
    -269.0     |    -167.2     
    -268.0     |    -166.7     
    -267.0     |    -166.1     
    -266.0     |    -165.6     
    -265.0     |    -165.0     
    -264.0     |    -164.4     
    -263.0     |    -163.9     
    -262.0     |    -163.3     
    -261.0     |    -162.8     
    -260.0     |    -162.2     
    -259.0     |    -161.7     
    -258.0     |    -161.1     
    -257.0     |    -160.6     
    -256.0     |    -160.0     
    -255.0     |    -159.4     
    -254.0     |    -158.9     
    -253.0     |    -158.3     
    -252.0     |    -157.8     
    -251.0     |    -157.2     
    -250.0     |    -156.7     
    -249.0     |    -156.1     
    -248.0     |    -155.6     
    -247.0     |    -155.0     
    -246.0     |    -154.4     
    -245.0     |    -153.9     
    -244.0     |    -153.3     
    -243.0     |    -152.8     
    -242.0     |    -152.2     
    -241.0     |    -151.7     
    -240.0     |    -151.1     
    -239.0     |    -150.6     
    -238.0     |    -150.0     
    -237.0     |    -149.4     
    -236.0     |    -148.9     
    -235.0     |    -148.3     
    -234.0     |    -147.8     
    -233.0     |    -147.2     
    -232.0     |    -146.7     
    -231.0     |    -146.1     
    -230.0     |    -145.6     
    -229.0     |    -145.0     
    -228.0     |    -144.4     
    -227.0     |    -143.9     
    -226.0     |    -143.3     
    -225.0     |    -142.8     
    -224.0     |    -142.2     
    -223.0     |    -141.7     
    -222.0     |    -141.1     
    -221.0     |    -140.6     
    -220.0     |    -140.0     
    -219.0     |    -139.4     
    -218.0     |    -138.9     
    -217.0     |    -138.3     
    -216.0     |    -137.8     
    -215.0     |    -137.2     
    -214.0     |    -136.7     
    -213.0     |    -136.1     
    -212.0     |    -135.6     
    -211.0     |    -135.0     
    -210.0     |    -134.4     
    -209.0     |    -133.9     
    -208.0     |    -133.3     
    -207.0     |    -132.8     
    -206.0     |    -132.2     
    -205.0     |    -131.7     
    -204.0     |    -131.1     
    -203.0     |    -130.6     
    -202.0     |    -130.0     
    -201.0     |    -129.4     
    -200.0     |    -128.9     
    -199.0     |    -128.3     
    -198.0     |    -127.8     
    -197.0     |    -127.2     
    -196.0     |    -126.7     
    -195.0     |    -126.1     
    -194.0     |    -125.6     
    -193.0     |    -125.0     
    -192.0     |    -124.4     
    -191.0     |    -123.9     
    -190.0     |    -123.3     
    -189.0     |    -122.8     
    -188.0     |    -122.2     
    -187.0     |    -121.7     
    -186.0     |    -121.1     
    -185.0     |    -120.6     
    -184.0     |    -120.0     
    -183.0     |    -119.4     
    -182.0     |    -118.9     
    -181.0     |    -118.3     
    -180.0     |    -117.8     
    -179.0     |    -117.2     
    -178.0     |    -116.7     
    -177.0     |    -116.1     
    -176.0     |    -115.6     
    -175.0     |    -115.0     
    -174.0     |    -114.4     
    -173.0     |    -113.9     
    -172.0     |    -113.3     
    -171.0     |    -112.8     
    -170.0     |    -112.2     
    -169.0     |    -111.7     
    -168.0     |    -111.1     
    -167.0     |    -110.6     
    -166.0     |    -110.0     
    -165.0     |    -109.4     
    -164.0     |    -108.9     
    -163.0     |    -108.3     
    -162.0     |    -107.8     
    -161.0     |    -107.2     
    -160.0     |    -106.7     
    -159.0     |    -106.1     
    -158.0     |    -105.6     
    -157.0     |    -105.0     
    -156.0     |    -104.4     
    -155.0     |    -103.9     
    -154.0     |    -103.3     
    -153.0     |    -102.8     
    -152.0     |    -102.2     
    -151.0     |    -101.7     
    -150.0     |    -101.1     
    -149.0     |    -100.6     
    -148.0     |    -100.0     
    -147.0     |     -99.4     
    -146.0     |     -98.9     
    -145.0     |     -98.3     
    -144.0     |     -97.8     
    -143.0     |     -97.2     
    -142.0     |     -96.7     
    -141.0     |     -96.1     
    -140.0     |     -95.6     
    -139.0     |     -95.0     
    -138.0     |     -94.4     
    -137.0     |     -93.9     
    -136.0     |     -93.3     
    -135.0     |     -92.8     
    -134.0     |     -92.2     
    -133.0     |     -91.7     
    -132.0     |     -91.1     
    -131.0     |     -90.6     
    -130.0     |     -90.0     
    -129.0     |     -89.4     
    -128.0     |     -88.9     
    -127.0     |     -88.3     
    -126.0     |     -87.8     
    -125.0     |     -87.2     
    -124.0     |     -86.7     
    -123.0     |     -86.1     
    -122.0     |     -85.6     
    -121.0     |     -85.0     
    -120.0     |     -84.4     
    -119.0     |     -83.9     
    -118.0     |     -83.3     
    -117.0     |     -82.8     
    -116.0     |     -82.2     
    -115.0     |     -81.7     
    -114.0     |     -81.1     
    -113.0     |     -80.6     
    -112.0     |     -80.0     
    -111.0     |     -79.4     
    -110.0     |     -78.9     
    -109.0     |     -78.3     
    -108.0     |     -77.8     
    -107.0     |     -77.2     
    -106.0     |     -76.7     
    -105.0     |     -76.1     
    -104.0     |     -75.6     
    -103.0     |     -75.0     
    -102.0     |     -74.4     
    -101.0     |     -73.9     
    -100.0     |     -73.3     
     -99.0     |     -72.8     
     -98.0     |     -72.2     
     -97.0     |     -71.7     
     -96.0     |     -71.1     
     -95.0     |     -70.6     
     -94.0     |     -70.0     
     -93.0     |     -69.4     
     -92.0     |     -68.9     
     -91.0     |     -68.3     
     -90.0     |     -67.8     
     -89.0     |     -67.2     
     -88.0     |     -66.7     
     -87.0     |     -66.1     
     -86.0     |     -65.6     
     -85.0     |     -65.0     
     -84.0     |     -64.4     
     -83.0     |     -63.9     
     -82.0     |     -63.3     
     -81.0     |     -62.8     
     -80.0     |     -62.2     
     -79.0     |     -61.7     
     -78.0     |     -61.1     
     -77.0     |     -60.6     
     -76.0     |     -60.0     
     -75.0     |     -59.4     
     -74.0     |     -58.9     
     -73.0     |     -58.3     
     -72.0     |     -57.8     
     -71.0     |     -57.2     
     -70.0     |     -56.7     
     -69.0     |     -56.1     
     -68.0     |     -55.6     
     -67.0     |     -55.0     
     -66.0     |     -54.4     
     -65.0     |     -53.9     
     -64.0     |     -53.3     
     -63.0     |     -52.8     
     -62.0     |     -52.2     
     -61.0     |     -51.7     
     -60.0     |     -51.1     
     -59.0     |     -50.6     
     -58.0     |     -50.0     
     -57.0     |     -49.4     
     -56.0     |     -48.9     
     -55.0     |     -48.3     
     -54.0     |     -47.8     
     -53.0     |     -47.2     
     -52.0     |     -46.7     
     -51.0     |     -46.1     
     -50.0     |     -45.6     
     -49.0     |     -45.0     
     -48.0     |     -44.4     
     -47.0     |     -43.9     
     -46.0     |     -43.3     
     -45.0     |     -42.8     
     -44.0     |     -42.2     
     -43.0     |     -41.7     
     -42.0     |     -41.1     
     -41.0     |     -40.6     
     -40.0     |     -40.0     
     -39.0     |     -39.4     
     -38.0     |     -38.9     
     -37.0     |     -38.3     
     -36.0     |     -37.8     
     -35.0     |     -37.2     
     -34.0     |     -36.7     
     -33.0     |     -36.1     
     -32.0     |     -35.6     
     -31.0     |     -35.0     
     -30.0     |     -34.4     
     -29.0     |     -33.9     
     -28.0     |     -33.3     
     -27.0     |     -32.8     
     -26.0     |     -32.2     
     -25.0     |     -31.7     
     -24.0     |     -31.1     
     -23.0     |     -30.6     
     -22.0     |     -30.0     
     -21.0     |     -29.4     
     -20.0     |     -28.9     
     -19.0     |     -28.3     
     -18.0     |     -27.8     
     -17.0     |     -27.2     
     -16.0     |     -26.7     
     -15.0     |     -26.1     
     -14.0     |     -25.6     
     -13.0     |     -25.0     
     -12.0     |     -24.4     
     -11.0     |     -23.9     
     -10.0     |     -23.3     
     -9.0      |     -22.8     
     -8.0      |     -22.2     
     -7.0      |     -21.7     
     -6.0      |     -21.1     
     -5.0      |     -20.6     
     -4.0      |     -20.0     
     -3.0      |     -19.4     
     -2.0      |     -18.9     
     -1.0      |     -18.3     
      0.0      |     -17.8     
      1.0      |     -17.2     
      2.0      |     -16.7     
      3.0      |     -16.1     
      4.0      |     -15.6     
      5.0      |     -15.0     
      6.0      |     -14.4     
      7.0      |     -13.9     
      8.0      |     -13.3     
      9.0      |     -12.8     
     10.0      |     -12.2     
     11.0      |     -11.7     
     12.0      |     -11.1     
     13.0      |     -10.6     
     14.0      |     -10.0     
     15.0      |     -9.4      
     16.0      |     -8.9      
     17.0      |     -8.3      
     18.0      |     -7.8      
     19.0      |     -7.2      
     20.0      |     -6.7      
     21.0      |     -6.1      
     22.0      |     -5.6      
     23.0      |     -5.0      
     24.0      |     -4.4      
     25.0      |     -3.9      
     26.0      |     -3.3      
     27.0      |     -2.8      
     28.0      |     -2.2      
     29.0      |     -1.7      
     30.0      |     -1.1      
     31.0      |     -0.6      
     32.0      |      0.0      
     33.0      |      0.6      
     34.0      |      1.1      
     35.0      |      1.7      
     36.0      |      2.2      
     37.0      |      2.8      
     38.0      |      3.3      
     39.0      |      3.9      
     40.0      |      4.4      
     41.0      |      5.0      
     42.0      |      5.6      
     43.0      |      6.1      
     44.0      |      6.7      
     45.0      |      7.2      
     46.0      |      7.8      
     47.0      |      8.3      
     48.0      |      8.9      
     49.0      |      9.4      
     50.0      |     10.0      
     51.0      |     10.6      
     52.0      |     11.1      
     53.0      |     11.7      
     54.0      |     12.2      
     55.0      |     12.8      
     56.0      |     13.3      
     57.0      |     13.9      
     58.0      |     14.4      
     59.0      |     15.0      
     60.0      |     15.6      
     61.0      |     16.1      
     62.0      |     16.7      
     63.0      |     17.2      
     64.0      |     17.8      
     65.0      |     18.3      
     66.0      |     18.9      
     67.0      |     19.4      
     68.0      |     20.0      
     69.0      |     20.6      
     70.0      |     21.1      
     71.0      |     21.7      
     72.0      |     22.2      
     73.0      |     22.8      
     74.0      |     23.3      
     75.0      |     23.9      
     76.0      |     24.4      
     77.0      |     25.0      
     78.0      |     25.6      
     79.0      |     26.1      
     80.0      |     26.7      
     81.0      |     27.2      
     82.0      |     27.8      
     83.0      |     28.3      
     84.0      |     28.9      
     85.0      |     29.4      
     86.0      |     30.0      
     87.0      |     30.6      
     88.0      |     31.1      
     89.0      |     31.7      
     90.0      |     32.2      
     91.0      |     32.8      
     92.0      |     33.3      
     93.0      |     33.9      
     94.0      |     34.4      
     95.0      |     35.0      
     96.0      |     35.6      
     97.0      |     36.1      
     98.0      |     36.7      
     99.0      |     37.2      
     100.0     |     37.8      
     101.0     |     38.3      
     102.0     |     38.9      
     103.0     |     39.4      
     104.0     |     40.0      
     105.0     |     40.6      
     106.0     |     41.1      
     107.0     |     41.7      
     108.0     |     42.2      
     109.0     |     42.8      
     110.0     |     43.3      
     111.0     |     43.9      
     112.0     |     44.4      
     113.0     |     45.0      
     114.0     |     45.6      
     115.0     |     46.1      
     116.0     |     46.7      
     117.0     |     47.2      
     118.0     |     47.8      
     119.0     |     48.3      
     120.0     |     48.9      
     121.0     |     49.4      
     122.0     |     50.0      
     123.0     |     50.6      
     124.0     |     51.1      
     125.0     |     51.7      
     126.0     |     52.2      
     127.0     |     52.8      
     128.0     |     53.3      
     129.0     |     53.9      
     130.0     |     54.4      
     131.0     |     55.0      
     132.0     |     55.6      
     133.0     |     56.1      
     134.0     |     56.7      
     135.0     |     57.2      
     136.0     |     57.8      
     137.0     |     58.3      
     138.0     |     58.9      
     139.0     |     59.4      
     140.0     |     60.0      
     141.0     |     60.6      
     142.0     |     61.1      
     143.0     |     61.7      
     144.0     |     62.2      
     145.0     |     62.8      
     146.0     |     63.3      
     147.0     |     63.9      
     148.0     |     64.4      
     149.0     |     65.0      
     150.0     |     65.6      
     151.0     |     66.1      
     152.0     |     66.7      
     153.0     |     67.2      
     154.0     |     67.8      
     155.0     |     68.3      
     156.0     |     68.9      
     157.0     |     69.4      
     158.0     |     70.0      
     159.0     |     70.6      
     160.0     |     71.1      
     161.0     |     71.7      
     162.0     |     72.2      
     163.0     |     72.8      
     164.0     |     73.3      
     165.0     |     73.9      
     166.0     |     74.4      
     167.0     |     75.0      
     168.0     |     75.6      
     169.0     |     76.1      
     170.0     |     76.7      
     171.0     |     77.2      
     172.0     |     77.8      
     173.0     |     78.3      
     174.0     |     78.9      
     175.0     |     79.4      
     176.0     |     80.0      
     177.0     |     80.6      
     178.0     |     81.1      
     179.0     |     81.7      
     180.0     |     82.2      
     181.0     |     82.8      
     182.0     |     83.3      
     183.0     |     83.9      
     184.0     |     84.4      
     185.0     |     85.0      
     186.0     |     85.6      
     187.0     |     86.1      
     188.0     |     86.7      
     189.0     |     87.2      
     190.0     |     87.8      
     191.0     |     88.3      
     192.0     |     88.9      
     193.0     |     89.4      
     194.0     |     90.0      
     195.0     |     90.6      
     196.0     |     91.1      
     197.0     |     91.7      
     198.0     |     92.2      
     199.0     |     92.8      
     200.0     |     93.3      
     201.0     |     93.9      
     202.0     |     94.4      
     203.0     |     95.0      
     204.0     |     95.6      
     205.0     |     96.1      
     206.0     |     96.7      
     207.0     |     97.2      
     208.0     |     97.8      
     209.0     |     98.3      
     210.0     |     98.9      
     211.0     |     99.4      
     212.0     |     100.0     
